(module LEMO_EZB.0B.305.CLN (layer F.Cu) (tedit 5DCBA8DD)
  (descr "LEMO Straight receptacle for PCB, 5 pins, female, B-Coding, shielded, https://www.lemo.com/pdf/EZB.0B.305.CLN.pdf")
  (tags LEMO)
  (fp_text reference REF** (at 0 -6.0452) (layer F.SilkS)
    (effects (font (size 1 1) (thickness 0.15)))
  )
  (fp_text value LEMO_EZB.0B.305.CLN (at 0 6.096) (layer F.Fab)
    (effects (font (size 1 1) (thickness 0.15)))
  )
  (fp_line (start -5 -5) (end 5 -5) (layer F.SilkS) (width 0.15))
  (fp_line (start 5 -5) (end 5 5) (layer F.SilkS) (width 0.15))
  (fp_line (start 5 5) (end -5 5) (layer F.SilkS) (width 0.15))
  (fp_line (start -5 5) (end -5 -5) (layer F.SilkS) (width 0.15))
  (fp_line (start -5.15 -5.15) (end 5.15 -5.15) (layer F.CrtYd) (width 0.12))
  (fp_line (start 5.15 -5.15) (end 5.15 5.15) (layer F.CrtYd) (width 0.12))
  (fp_line (start 5.15 5.15) (end -5.15 5.15) (layer F.CrtYd) (width 0.12))
  (fp_line (start -5.15 5.15) (end -5.15 -5.15) (layer F.CrtYd) (width 0.12))
  (fp_line (start -5 5) (end -5 -5) (layer F.Fab) (width 0.15))
  (fp_line (start -5 -5) (end 5 -5) (layer F.Fab) (width 0.15))
  (fp_line (start 5 -5) (end 5 5) (layer F.Fab) (width 0.15))
  (fp_line (start 5 5) (end -5 5) (layer F.Fab) (width 0.15))
  (fp_text user %R (at 0 0) (layer F.Fab)
    (effects (font (size 1 1) (thickness 0.15)))
  )
  (fp_arc (start -0.005227 0.099477) (end -0.899009 -2.848599) (angle 25) (layer F.Fab) (width 0.15))
  (fp_line (start -0.899009 -2.848599) (end -1.177009 -3.33011) (layer F.Fab) (width 0.15))
  (fp_line (start -1.177009 -3.33011) (end -2.389445 -2.63011) (layer F.Fab) (width 0.15))
  (fp_line (start -2.111445 -2.148599) (end -2.389445 -2.63011) (layer F.Fab) (width 0.15))
  (fp_arc (start -0.005227 0.099477) (end -2.111445 -2.148599) (angle -25) (layer F.Fab) (width 0.15))
  (fp_line (start -1.177009 -3.33011) (end -2.389445 -2.63011) (layer F.SilkS) (width 0.15))
  (fp_line (start -2.111445 -2.148599) (end -2.389445 -2.63011) (layer F.SilkS) (width 0.15))
  (fp_line (start -0.899009 -2.848599) (end -1.177009 -3.33011) (layer F.SilkS) (width 0.15))
  (fp_arc (start -0.005227 0.099477) (end -2.111445 -2.148599) (angle -25) (layer F.SilkS) (width 0.15))
  (fp_arc (start -0.005227 0.099477) (end -0.899009 -2.848599) (angle 25) (layer F.SilkS) (width 0.15))
  (fp_arc (start 0.005227 0.099477) (end 2.111445 -2.148599) (angle 25) (layer F.Fab) (width 0.15))
  (fp_line (start 2.111445 -2.148599) (end 2.389445 -2.63011) (layer F.Fab) (width 0.15))
  (fp_line (start 2.389445 -2.63011) (end 1.177009 -3.33011) (layer F.Fab) (width 0.15))
  (fp_line (start 0.899009 -2.848599) (end 1.177009 -3.33011) (layer F.Fab) (width 0.15))
  (fp_arc (start 0.005227 0.099477) (end 0.899009 -2.848599) (angle -25) (layer F.Fab) (width 0.15))
  (fp_line (start 2.389445 -2.63011) (end 1.177009 -3.33011) (layer F.SilkS) (width 0.15))
  (fp_line (start 0.899009 -2.848599) (end 1.177009 -3.33011) (layer F.SilkS) (width 0.15))
  (fp_line (start 2.111445 -2.148599) (end 2.389445 -2.63011) (layer F.SilkS) (width 0.15))
  (fp_arc (start 0.005227 0.099477) (end 0.899009 -2.848599) (angle -25) (layer F.SilkS) (width 0.15))
  (fp_arc (start 0.005227 0.099477) (end 2.111445 -2.148599) (angle 25) (layer F.SilkS) (width 0.15))
  (pad 1 thru_hole circle (at 0 -1.4) (size 1.1 1.1) (drill 0.6) (layers *.Cu *.Mask))
  (pad 2 thru_hole circle (at -1.331478 -0.432625) (size 1.1 1.1) (drill 0.6) (layers *.Cu *.Mask))
  (pad 3 thru_hole circle (at -0.8229 1.132625) (size 1.1 1.1) (drill 0.6) (layers *.Cu *.Mask))
  (pad 4 thru_hole circle (at 0.8229 1.132625) (size 1.1 1.1) (drill 0.6) (layers *.Cu *.Mask))
  (pad 5 thru_hole circle (at 1.331478 -0.432625) (size 1.1 1.1) (drill 0.6) (layers *.Cu *.Mask))
  (pad SH thru_hole circle (at -3.81 -3.81) (size 2.2 2.2) (drill 1.7) (layers *.Cu *.Mask))
  (pad SH thru_hole circle (at -3.81 3.81) (size 2.2 2.2) (drill 1.7) (layers *.Cu *.Mask))
  (pad SH thru_hole circle (at 3.81 -3.81) (size 2.2 2.2) (drill 1.7) (layers *.Cu *.Mask))
  (pad SH thru_hole circle (at 3.81 3.81) (size 2.2 2.2) (drill 1.7) (layers *.Cu *.Mask))
  (model ${KISYS3DMOD}/Connector_LEMO.3dshapes/LEMO_EZB.0B.305.CLN.wrl
    (at (xyz 0 0 0))
    (scale (xyz 1 1 1))
    (rotate (xyz 0 0 0))
  )
)
